lastAccountName: IcedTangerine
timestamps:
  login: 1619276496488
  logout: 1619276542984
  lastteleport: 1619276260902
ipAddress: 127.0.0.1
lastlocation:
  world: world
  x: 78.5
  y: 75.0
  z: 283.5
  yaw: -63.41099
  pitch: 14.733336
logoutlocation:
  world: world
  x: 83.35183211314938
  y: 76.0
  z: 279.93126539730895
  yaw: 74.74165
  pitch: 29.68029
afk: false
