lastAccountName: IcedTangerine
timestamps:
  login: 1619265699367
  logout: 1619265732579
  lastteleport: 1619264878558
ipAddress: 127.0.0.1
lastlocation:
  world: world
  x: 96.5
  y: 69.0
  z: 240.5
  yaw: 0.0
  pitch: 0.0
logoutlocation:
  world: world
  x: 83.58733817193689
  y: 76.67180325122303
  z: 280.37508472961713
  yaw: 303.64404
  pitch: 23.91505
afk: false
