lastAccountName: IcedTangerine
timestamps:
  login: 1619247591903
  logout: 1619247651176
ipAddress: 127.0.0.1
lastlocation:
  world: world
  x: 106.5
  y: 71.0
  z: 234.5
  yaw: 3.4752898
  pitch: 0.0
logoutlocation:
  world: world
  x: 112.78081509146203
  y: 74.0
  z: 272.6717534207153
  yaw: -210.53767
  pitch: 20.925762
